SIZES
  narena                13631488
  nbuffer               282192
  nplugin               0
  maxuse_stack          1304
  maxuse_arena          29528
  maxuse_con            1
  maxuse_efc            4
  solver_nisland        1
  ne                    0
  nf                    0
  nl                    0
  nefc                  4
  nnzJ                  24
  ncon                  1
  nisland               0
  threadpool            0

TIMER
    0:  duration =  0.56       number = 50
    1:  duration =  0.55       number = 50
    2:  duration =  0          number = 0
    3:  duration =  0.48       number = 50
    4:  duration =  0.014      number = 50
    5:  duration =  0.0036     number = 50
    6:  duration =  0.034      number = 50
    7:  duration =  0.0077     number = 50
    8:  duration =  0.026      number = 50
    9:  duration =  0.0095     number = 50
    10:  duration =  0.42       number = 50
    11:  duration =  0.018      number = 50
    12:  duration =  0.001      number = 50
    13:  duration =  0.037      number = 50
    14:  duration =  0.24       number = 50

SOLVER STAT
  solver_nisland = 1
  solver_fwdinv =   0         0       
  ISLAND 0
    solver_niter = 1
    solver_nnz = 36
      0:  improvement = -3.5e-10     gradient =  3.1e-14     lineslope =  0       
          nactive = 4   nchange = 0   neval = 2   nupdate = 0

ENERGY =   15        3e-12   

TIME =  5.4e+02 

QPOS
  -0.00065 
  -0.0022  
  -0.0046  
  -0.015   
  -0.00018 
  -0.00011 

QVEL
  -1.2e-06 
  -4e-06   
  -8.5e-06 
  -2.8e-05 
  -3.4e-07 
  -2e-07   

QACC_WARMSTART
   3.7e-12 
   2.2e-12 
   8.6e-11 
   3.6e-11 
   4e-14   
   1.1e-12 

CTRL
   6e-10   
   0.32    
  -0.31    
  -0.32    
   1.3e-05 
  -0.00085 

QFRC_APPLIED
   0       
   0       
   0       
   0       
   0       
   0       

XFRC_APPLIED
   0         0         0         0         0         0       
   0         0         0         0         0         0       
   0         0         0         0         0         0       
   0         0         0         0         0         0       
   0         0         0         0         0         0       
   0         0         0         0         0         0       
   0         0         0         0         0         0       

QACC
   3.7e-12 
   2.2e-12 
   8.6e-11 
   3.6e-11 
   4e-14   
   1.1e-12 

XPOS
   0         0         0       
   0         0         0.068   
  -7.4e-05   0.036     0.093   
   0.0005    0.036     0.39    
  -6.9e-05   0.028     0.62    
  -0.0004    0.062     0.64    
   0.019     0.062     0.68    

XQUAT
   1         0         0         0       
   1         0         0        -0.00033 
   1        -1.1e-06   0.0011    0.001   
   1        -3.3e-06  -0.0012   -0.00033 
   1        -5.7e-06  -0.0087   -0.00033 
   1        -4.9e-06  -0.0087   -0.00042 
   1        -5.9e-05  -0.0087   -0.00042 

XMAT
   1         0         0         0         1         0         0         0         1       
   1         0.00065   0        -0.00065   1        -0        -0         0         1       
   1        -0.002     0.0022    0.002     1         4.4e-06  -0.0022   -4.2e-22   1       
   1         0.00065  -0.0024   -0.00065   1         7.4e-06   0.0024   -5.8e-06   1       
   1         0.00065  -0.017    -0.00065   1         1.7e-05   0.017    -5.8e-06   1       
   1         0.00084  -0.017    -0.00084   1         1.7e-05   0.017    -2.6e-06   1       
   1         0.00084  -0.017    -0.00084   1         0.00013   0.017    -0.00011   1       

XIPOS
   0         0         0       
  -0.00014   0.0026    0.094   
   6.9e-05   0.063     0.24    
   7.2e-05   0.015     0.54    
  -6.3e-05   0.059     0.62    
   0.0012    0.062     0.68    
   0.059     0.061     0.69    

XIMAT
   1         0         0         0         1         0         0         0         1       
   0.0044   -0.73     -0.69     -0.094     0.68     -0.73      1         0.068    -0.066   
   0.0016   -1        -0.0062    1         0.0016   -0.00065   0.00066  -0.0062    1       
  -4e-05    -1        -0.0028    1        -4e-05    -0.00017   0.00017  -0.0028    1       
  -0.021    -0.44      0.9      -0.08     -0.9      -0.44      1        -0.081    -0.016   
   1         0.058     0.023    -0.0045    0.44     -0.9      -0.062     0.9       0.44    
   1        -0.023    -0.0036   -0.0039   -0.011    -1         0.023     1        -0.011   

XANCHOR
   0         0         0.068   
  -7.4e-05   0.036     0.093   
   0.0005    0.036     0.39    
  -6.9e-05   0.028     0.62    
  -0.0004    0.062     0.64    
   0.019     0.062     0.68    

XAXIS
   0         0         1       
   0.002    -1         0       
   0.00065   1        -5.8e-06 
   0.00065   1        -5.8e-06 
  -0.017     1.7e-05   1       
   1        -0.00084   0.017   

GEOM_XPOS
   5.9e-05  -5.9e-05   0.015   
   5.9e-05  -5.9e-05   0.015   
   2.6e-05   0.0047    0.094   
   2.6e-05   0.0047    0.094   
   0.00028   0.062     0.24    
   0.00028   0.062     0.24    
   0.00013   0.014     0.54    
   0.00013   0.014     0.54    
  -0.00017   0.056     0.62    
  -0.00017   0.056     0.62    
  -4.4e-05   0.062     0.67    
  -4.4e-05   0.062     0.67    
   0.057     0.061     0.69    
   0.057     0.061     0.69    

GEOM_XMAT
  -1.5e-06  -1        -0.033     5.4e-05   0.033    -1         1        -3.3e-06   5.4e-05 
  -1.5e-06  -1        -0.033     5.4e-05   0.033    -1         1        -3.3e-06   5.4e-05 
   1         0.0043    0.014     0.014    -0.073    -1        -0.0033    1        -0.073   
   1         0.0043    0.014     0.014    -0.073    -1        -0.0033    1        -0.073   
   1         0.024     0.0023   -0.024     1         3.2e-05  -0.0023   -8.7e-05   1       
   1         0.024     0.0023   -0.024     1         3.2e-05  -0.0023   -8.7e-05   1       
   0.0039   -1        -0.0021    0.99      0.0041   -0.1       0.1      -0.0017    0.99    
   0.0039   -1        -0.0021    0.99      0.0041   -0.1       0.1      -0.0017    0.99    
  -0.071    -1         0.01     -0.11     -0.0027   -0.99      0.99     -0.072    -0.11    
  -0.071    -1         0.01     -0.11     -0.0027   -0.99      0.99     -0.072    -0.11    
   0.99      0.055     0.089    -0.055     1        -0.0092   -0.09      0.0043    1       
   0.99      0.055     0.089    -0.055     1        -0.0092   -0.09      0.0043    1       
   0.066    -0.77     -0.64      1         0.092    -0.0083    0.065    -0.64      0.77    
   0.066    -0.77     -0.64      1         0.092    -0.0083    0.065    -0.64      0.77    

SUBTREE_COM
   0.0078    0.045     0.38    
   0.0078    0.045     0.38    
   0.0096    0.055     0.44    
   0.019     0.047     0.63    
   0.027     0.061     0.67    
   0.037     0.062     0.68    
   0.059     0.061     0.69    

CDOF
   0         0         1        -0.045     0.0078    0       
   0.002    -1         0        -0.28     -0.00058   0.0079  
   0.00065   1        -5.8e-06  -0.014     9e-06    -0.0073  
   0.00065   1        -5.8e-06  -0.24      0.00016  -0.0079  
  -0.017     1.7e-05   1         0.016     0.0036    0.00028 
   1        -0.00084   0.017     0.00054   0.3      -0.016   

CINERT
   0         0         0         0         0         0         0         0         0         0       
   0.061     0.059     0.0017   -0.00026  -0.0017   -0.009    -0.0059   -0.032    -0.21      0.75    
   0.032     0.031     0.0011    0.00022  -0.0017    0.0039   -0.013     0.029    -0.22      1.7     
   0.016     0.016     0.0006   -0.00012   0.00067   0.0026   -0.0039   -0.016     0.086     0.51    
   0.02      0.02      0.00018   3.5e-05   0.00064  -0.0011   -0.0026    0.0044    0.081     0.33    
   0.03      0.03      0.00017   3.5e-05   0.00065  -0.0016   -0.0022    0.0054    0.098     0.33    
   0.053     0.054     0.0017   -0.00044  -0.0086   -0.0027    0.028     0.0088    0.17      0.54    

ACTUATOR_LENGTH
  -0.00065 
  -0.0022  
  -0.0046  
  -0.015   
  -0.00018 
  -0.00011 

ACTUATOR_MOMENT
   1         0         0         0         0         0       
   0         1         0         0         0         0       
   0         0         1         0         0         0       
   0         0         0         1         0         0       
   0         0         0         0         1         0       
   0         0         0         0         0         1       

CRB
   0         0         0         0         0         0         0         0         0         0       
   0.21      0.21      0.0054   -0.00053  -0.01     -0.0079    0        -6.9e-18  -5.6e-17   4.1     
   0.15      0.15      0.0037   -0.00027  -0.0084    0.0011    0.0059    0.032     0.21      3.4     
   0.12      0.12      0.0027   -0.00049  -0.0066   -0.0028    0.019     0.003     0.43      1.7     
   0.1       0.1       0.0021   -0.00037  -0.0073   -0.0054    0.023     0.019     0.35      1.2     
   0.083     0.084     0.0019   -0.00041  -0.0079   -0.0043    0.025     0.014     0.27      0.87    
   0.053     0.054     0.0017   -0.00044  -0.0086   -0.0027    0.028     0.0088    0.17      0.54    

QM
   0.014     0.061    -0.021    -0.0034    0.0021   -0.00024 
   0.061     0.54     -0.23     -0.035    -0.0001    2.2e-06 
  -0.021    -0.23      0.11      0.018     2.5e-05   4.8e-06 
  -0.0034   -0.035     0.018     0.0056    5.3e-06   4.6e-06 
   0.0021   -0.0001    2.5e-05   5.3e-06   0.0022   -0.00025 
  -0.00024   2.2e-06   4.8e-06   4.6e-06  -0.00025   0.00027 

QLD
   0.0027    0.34     -0.21     -0.62      0.98     -0.87    
   0.34      0.044    -2.4      -6.3      -0.051     0.0082  
  -0.21     -2.4       0.048     3.3       0.015     0.018   
  -0.62     -6.3       3.3       0.0056    0.0048    0.017   
   0.98     -0.051     0.015     0.0048    0.002    -0.91    
  -0.87      0.0082    0.018     0.017    -0.91      0.00027 

QLDIAGINV
   3.7e+02 
   23      
   21      
   1.8e+02 
   5.1e+02 
   3.7e+03 

QLDIAGSQRTINV
   19      
   4.8     
   4.6     
   13      
   23      
   61      

D_rownnz              6 6 6 6 6 6

D_rowadr              0 6 12 18 24 30

D_colind              0 1 2 3 4 5 0 1 2 3 4 5 0 1 2 3 4 5 0 1 2 3 4 5 0 1 2 3 4 5 0 1 2 3 4 5

B_rownnz              6 6 6 6 6 6 6

B_rowadr              0 6 12 18 24 30 36

B_colind              0 1 2 3 4 5 0 1 2 3 4 5 0 1 2 3 4 5 0 1 2 3 4 5 0 1 2 3 4 5 0 1 2 3 4 5 0 1 2 3 4 5

QDERIV
   0         0         0         0         0         0       
   0         0         0         0         0         0       
   0         0         0         0         0         0       
   0         0         0         0         0         0       
   0         0         0         0         0         0       
   0         0         0         0         0         0       

QLU
   0         0         0         0         0         0       
   0         0         0         0         0         0       
   0         0         0         0         0         0       
   0         0         0         0         0         0       
   0         0         0         0         0         0       
   0         0         0         0         0         0       

CONTACT
  0:
     dim           3
     gfev          1 -1 -1 -1 : 3 -1 -1 -1
     exclude       0
     efc_address   0
     solref         0.02      1       
     solimp         0.9       0.95      0.001     0.5       2       
     dist          -0.004   
     includemargin  0       
     pos           -0.00058   0.0013    0.069   
     frame          6.6e-09   6.7e-09   1        -4.4e-17   1        -6.7e-09  -1         0         6.6e-09 
     friction       1         1         0.005     0.0001    0.0001  
     mu             1       

EFC_TYPE
  6
  6
  6
  6

EFC_ID
  0
  0
  0
  0

EFC_J
  -0.00058   0         0         0         0         0       
   0.00058   0         0         0         0         0       
   0.0013    0         0         0         0         0       
  -0.0013    0         0         0         0         0       

EFC_POS
  -0.004   
  -0.004   
  -0.004   
  -0.004   

EFC_MARGIN
   0       
   0       
   0       
   0       

EFC_FRICTIONLOSS
   0       
   0       
   0       
   0       

EFC_DIAGAPPROX
   0.0033  
   0.0033  
   0.0033  
   0.0033  

EFC_KBIP
   2.8e+03   1.1e+02   0.95      0       
   2.8e+03   1.1e+02   0.95      0       
   2.8e+03   1.1e+02   0.95      0       
   2.8e+03   1.1e+02   0.95      0       

EFC_D
   5.7e+03 
   5.7e+03 
   5.7e+03 
   5.7e+03 

EFC_R
   0.00017 
   0.00017 
   0.00017 
   0.00017 

ACTUATOR_VELOCITY
  -1.2e-06 
  -4e-06   
  -8.5e-06 
  -2.8e-05 
  -3.4e-07 
  -2e-07   

CVEL
   0         0         0         0         0         0       
   0         0        -1.2e-06   5.5e-08  -9.5e-09   0       
  -8.2e-09   4e-06    -1.2e-06   1.2e-06  -7.2e-09  -3.2e-08 
  -1.4e-08  -4.5e-06  -1.2e-06   1.3e-06  -7.3e-09   3.1e-08 
  -3.2e-08  -3.2e-05  -1.2e-06   8e-06    -1.2e-08   2.5e-07 
  -2.6e-08  -3.2e-05  -1.6e-06   8e-06    -1.3e-08   2.5e-07 
  -2.3e-07  -3.2e-05  -1.6e-06   8e-06    -7.4e-08   2.5e-07 

CDOF_DOT
   0         0         0         0         0         0       
  -1.2e-06  -2.5e-09  -0        -7e-10     3.4e-07  -5.5e-08 
   1.2e-06  -7.9e-10  -1.1e-08   2.4e-09   1.7e-08   1.2e-06 
   1.2e-06  -7.9e-10  -1.1e-08   5.1e-09   3e-07     2e-07   
  -3.2e-05   5.3e-08  -5.6e-07  -1.6e-08  -8.1e-06   5.2e-07 
  -5.6e-07  -1.6e-06   3.2e-05   1e-06     1.1e-07   1.6e-08 

QFRC_BIAS
   2.2e-12 
   0.32    
  -0.31    
  -0.32    
   1.3e-05 
  -0.00085 

QFRC_SPRING
   0       
   0       
   0       
   0       
   0       
   0       

QFRC_DAMPER
   1.2e-08 
   4e-08   
   8.5e-08 
   2.8e-07 
   3.4e-09 
   2e-09   

QFRC_GRAVCOMP
   0       
   0       
   0       
   0       
   0       
   0       

QFRC_FLUID
   0       
   0       
   0       
   0       
   0       
   0       

QFRC_PASSIVE
   1.2e-08 
   4e-08   
   8.5e-08 
   2.8e-07 
   3.4e-09 
   2e-09   

EFC_VEL
   7.1e-10 
  -7.1e-10 
  -1.6e-09 
   1.6e-09 

EFC_AREF
   11      
   11      
   11      
   11      

SUBTREE_LINVEL
   0         0         0       
   0         0         0       
   0         0         0       
   0         0         0       
   0         0         0       
   0         0         0       
   0         0         0       

SUBTREE_ANGMOM
   0         0         0       
   0         0         0       
   0         0         0       
   0         0         0       
   0         0         0       
   0         0         0       
   0         0         0       

ACTUATOR_FORCE
   6e-10   
   0.32    
  -0.31    
  -0.32    
   1.3e-05 
  -0.00085 

QFRC_ACTUATOR
   6e-10   
   0.32    
  -0.31    
  -0.32    
   1.3e-05 
  -0.00085 

QFRC_SMOOTH
   1.3e-08 
  -2e-11   
   9.4e-12 
   1.7e-12 
   9.7e-15 
   1.6e-17 

QACC_SMOOTH
   4.7e-06 
  -1.6e-06 
  -2.8e-06 
   2.3e-06 
  -4.6e-06 
  -1e-07   

EFC_B
  -11      
  -11      
  -11      
  -11      

EFC_FORCE
   6e+04   
   6e+04   
   6e+04   
   6e+04   

EFC_STATE
  1
  1
  1
  1

QFRC_CONSTRAINT
  -1.3e-08 
   0       
   0       
   0       
   0       
   0       

QFRC_INVERSE
   0       
   0       
   0       
   0       
   0       
   0       

CACC
   0         0         0         0         0         0       
   0         0         0         0         0         0       
   0         0         0         0         0         0       
   0         0         0         0         0         0       
   0         0         0         0         0         0       
   0         0         0         0         0         0       
   0         0         0         0         0         0       

CFRC_INT
   0         0         0         0         0         0       
   0         0         0         0         0         0       
   0         0         0         0         0         0       
   0         0         0         0         0         0       
   0         0         0         0         0         0       
   0         0         0         0         0         0       
   0         0         0         0         0         0       

CFRC_EXT
   0         0         0         0         0         0       
   0         0         0         0         0         0       
   0         0         0         0         0         0       
   0         0         0         0         0         0       
   0         0         0         0         0         0       
   0         0         0         0         0         0       
   0         0         0         0         0         0       

